Id Sudoku Grid
0 793645281158792436642183795537418629961327548284956173375864912416239857829571364
1 517648392246593871983271645159436287364782159728915436472869513835127964691354728
2 892631574473528619156479823721984356549316782638257941284763195315892467967145238
3 921857346536249871847613925319562487764198532285734169173986254452371698698425713
4 158326794693741825427985136382164579764598312915273468249817653831652947576439281
5 457913826621845379893762541175328964934671258286594713742139685318256497569487132
6 638952714574186932192347586819463275743521698265879143451698327326714859987235461
7 857194326491263578632785914765318249148629753329547681916852437274931865583476192
8 632841579958726341471359682584263917326197854719584236897615423243978165165432798
9 763125948254986371189734526927451863541863297638297415316542789495678132872319654
10 832415796497632851651879324175943682349268517268157943584726139916384275723591468
11 347518269982673415165249837853127946621954378479386152296435781714862593538791624
12 456371829371982645289456371825634197764519238913827456648295713537148962192763584
13 139284657874965132526713498291648573345172869768359241912536784683427915457891326
14 528639417796241358341578269634817592259463781187925643862794135973156824415382976
15 719865243348297516652134897467352189921678354835941762586729431294513678173486925
16 296875314157634289483129576568317492342598761971462853625741938714983625839256147
17 637251984512948673498736251786394512329615847154827369843579126261483795975162438
18 253189476468275139971634528847392615536741892192856347719468253625913784384527961
19 971326458625481379438759216562178934849235761713964582396512847287643195154897623 
20 863417529471925836952683174734591682295768413186234957548379261617842395329156748
21 369154872451287963827936415794628531135749628682513749943861257576392184218475396
22 756324981931678254824951763372196845148235679569847132285469317413782596697513428
23 384925176671843259925716348857291634216534897439678521763159482142387965598462713
24 418973625923568417657142398395614782246897153781325946134256879569781234872439561
30 392674581685912473174853962756238149941765238823149657418396725267581394539427816
31 123456789457189236698273514234765198519832467786914352362597841875641923941328675
32 981752436652314798437968215246183957315479862798625341129836574863547129574291683
33 984712653721356948635849271547281396163495782298637415352978164876124539419563827
34 987651423312479856546283179824315697153796284769824531475132968698547312231968745
35 123456789457189236689237415275894361831625947964713852392568174548971623716342598
36 123456789456789123798132564231694857675318492849275631362847915587921346914563278
37 984713625751426839623985471567849213132657984498231756346178592275394168819562347
38 985732146632491758147856392476183925328549671591267483713928564259614837864375219
39 985723614716954382234168597893512476147836259652479831371645928569281743428397165
40 982764153754318962136295487467189235215643798893572641349827516521936874678451329
41 746295381192783546358461297284356179671942853935817624527139468419628735863574912
42 981725643564139827237468159615297438823514976749386215376942581192853764458671392
43 984725613562413987713698452347281569195376248826954371231567894458139726679842135
44 985736142634291785127485396492163857561978423378524961813659274246817539759342618
45 984752613265193487713468529542876931831924765697531248178649352356217894429385176
46 983742516762951384514836729425617893196384257837529641341278965279165438658493172
47 984713652562849317713256489421567893376198524859432176295684731638971245147325968
48 981734652527896341643125987438651729716982435259473168194568273375249816862317594
49 985721364621483759347956281492578136138694527576132498713269845259847613864315972
50 984721653573469128216538974452913867839276541761854239328697415145382796697145382
51 985741623741362598236859741418597362379624185652183974523476819197238456864915237
52 982741653716853429354269178467128395193475862528396741241587936879632514635914287
53 123456789456789123798132546217968435645273891839514267361847952582691374974325618
54 983761542571428369642395817714689253896532174235147986358976421169254738427813695